comuna,Sin hacinamiento (menos de 2 personas por cuarto),Hacinamiento no crítico (2 a 3 personas por cuarto),Hacinamiento crítico (más de 3 personas por cuarto)
1,81.2,15.3,3.5
2,94.4,5.2,0.4
3,85.4,12.4,2.1
4,81,15.4,3.6
5,90.9,8,1.1
6,94.6,4.9,0.5
7,86.4,11.1,2.5
8,76.7,18.2,5.1
9,90.2,8.3,1.4
10,92.7,6.4,0.9
11,94.6,4.9,0.5
12,94.4,5.2,0.4
13,95.4,4.2,0.4
14,94.3,5.3,0.5
15,91.5,7.4,1.1
total ciudad,89.8,8.6,1.5
